Car -1.00 -1 1.97 302.04 267.88 562.35 426.35 1.46 1.50 3.88 -3.49 1.70 9.00 1.60 1.00
Car -1.00 -1 -1.91 890.53 259.35 1124.62 413.94 1.46 1.55 3.19 3.09 1.59 8.60 -1.57 1.00
Van -1.00 -1 1.81 412.20 213.72 561.61 336.01 2.05 1.79 4.47 -3.69 1.71 14.34 1.56 1.00
Car -1.00 -1 -1.80 784.78 226.80 935.18 321.81 1.44 1.69 4.45 3.04 1.58 13.47 -1.58 1.00
Car -1.00 -1 -1.58 741.33 206.28 808.89 264.52 1.42 1.66 3.71 3.60 1.55 19.85 -1.40 1.00
Van -1.00 -1 -2.64 241.89 186.78 490.77 274.38 2.61 2.21 6.75 -11.40 1.72 22.71 -3.11 1.00
Car -1.00 -1 -1.35 764.41 192.59 845.08 247.84 1.75 1.84 4.43 5.51 1.50 25.25 -1.14 1.00
Van -1.00 -1 -1.60 626.98 180.51 658.46 214.18 1.98 1.80 4.54 1.03 1.44 44.71 -1.58 1.00
Van -1.00 -1 -0.32 848.35 173.80 984.10 224.34 2.66 2.13 6.64 12.82 1.38 39.04 0.00 1.00
Car -1.00 -1 -1.45 512.34 186.90 549.35 212.22 1.48 1.71 4.65 -5.97 1.57 44.75 -1.58 1.00
DontCare -1.00 -1 -10.79 1331.10 894.03 1332.31 895.75 -1.00 -1.00 -1.00 -1000.00 -1000.00 -1000.00 -10.00 1.00
DontCare -1.00 -1 -10.79 1331.10 894.03 1332.31 895.75 -1.00 -1.00 -1.00 -1000.00 -1000.00 -1000.00 -10.00 1.00
