Car -1.00 -1 -1.58 599.67 187.05 626.52 213.66 1.65 1.67 3.64 -0.65 1.71 46.70 -1.59 1.00
Car -1.00 -1 -1.40 474.97 218.68 579.06 302.55 1.61 1.51 4.50 -2.88 1.71 16.31 -1.57 1.00
Car -1.00 -1 1.96 276.26 208.66 361.84 255.39 1.61 1.72 3.65 -12.69 2.12 27.71 1.53 1.00
Cyclist -1.00 -1 -2.46 690.04 189.42 741.89 247.55 1.72 0.47 1.65 2.45 1.35 22.10 -2.35 1.00
Pedestrian -1.00 -1 0.22 426.24 198.98 438.33 249.37 1.60 0.38 0.30 -5.87 1.63 23.11 -0.03 1.00
DontCare -1.00 -1 -10.79 1331.10 894.03 1332.31 895.75 -1.00 -1.00 -1.00 -1000.00 -1000.00 -1000.00 -10.00 1.00
DontCare -1.00 -1 -10.79 1331.10 894.03 1332.31 895.75 -1.00 -1.00 -1.00 -1000.00 -1000.00 -1000.00 -10.00 1.00
DontCare -1.00 -1 -10.79 1331.10 894.03 1332.31 895.75 -1.00 -1.00 -1.00 -1000.00 -1000.00 -1000.00 -10.00 1.00
DontCare -1.00 -1 -10.79 1331.10 894.03 1332.31 895.75 -1.00 -1.00 -1.00 -1000.00 -1000.00 -1000.00 -10.00 1.00
DontCare -1.00 -1 -10.79 1331.10 894.03 1332.31 895.75 -1.00 -1.00 -1.00 -1000.00 -1000.00 -1000.00 -10.00 1.00
DontCare -1.00 -1 -10.79 1331.10 894.03 1332.31 895.75 -1.00 -1.00 -1.00 -1000.00 -1000.00 -1000.00 -10.00 1.00
