Cyclist -1.00 -1 -2.27 1323.97 457.59 1869.13 995.29 1.59 0.53 1.89 2.75 1.68 3.14 -1.55 1.00
Car -1.00 -1 1.90 434.56 225.91 592.44 319.73 1.44 1.64 3.78 -3.03 1.57 13.30 1.68 1.00
Car -1.00 -1 1.82 499.65 206.87 613.86 289.91 1.77 1.71 4.28 -2.52 1.61 17.60 1.68 1.00
Van -1.00 -1 -0.48 984.34 164.82 1213.08 261.57 2.71 2.12 5.66 10.90 1.13 21.30 -0.01 1.00
Car -1.00 -1 -1.73 756.00 193.77 821.55 237.42 1.45 1.71 3.93 5.18 1.42 25.97 -1.53 1.00
Car -1.00 -1 1.73 563.84 192.22 624.98 242.60 1.73 1.65 3.96 -1.62 1.53 26.83 1.67 1.00
Car -1.00 -1 -1.69 736.55 184.68 791.59 227.63 1.78 1.89 4.37 5.57 1.38 32.13 -1.52 1.00
Car -1.00 -1 1.70 582.60 187.01 626.07 227.32 1.68 1.51 3.29 -1.14 1.43 31.78 1.66 1.00
DontCare -1.00 -1 -10.79 1331.10 894.03 1332.31 895.75 -1.00 -1.00 -1.00 -1000.00 -1000.00 -1000.00 -10.00 1.00
DontCare -1.00 -1 -10.79 1331.10 894.03 1332.31 895.75 -1.00 -1.00 -1.00 -1000.00 -1000.00 -1000.00 -10.00 1.00
