Car -1.00 -1 -1.45 684.17 185.58 715.05 207.20 1.32 1.48 4.44 4.88 1.45 46.78 -1.35 1.00
DontCare -1.00 -1 2.18 235.53 175.65 665.27 363.17 4.02 2.60 16.79 -10.05 2.07 23.95 1.78 1.00
Car -1.00 -1 -1.44 720.73 186.96 761.74 216.43 1.42 1.56 4.16 5.75 1.39 36.99 -1.29 1.00
Car -1.00 -1 -1.07 458.77 242.99 670.31 364.97 1.45 1.59 3.44 -2.04 1.61 10.74 -1.26 1.00
Car -1.00 -1 -0.69 128.38 257.73 517.24 408.43 1.51 1.61 4.31 -6.07 1.67 9.82 -1.24 1.00
Car -1.00 -1 1.83 500.14 194.70 535.35 219.85 1.44 1.35 3.23 -6.67 2.03 44.23 1.68 1.00
DontCare -1.00 -1 1.22 620.13 174.34 680.30 204.50 3.46 2.57 14.66 1.05 1.90 90.09 1.23 1.00
DontCare -1.00 -1 -10.79 1331.10 894.03 1332.31 895.75 -1.00 -1.00 -1.00 -1000.00 -1000.00 -1000.00 -10.00 1.00
DontCare -1.00 -1 -10.79 1331.10 894.03 1332.31 895.75 -1.00 -1.00 -1.00 -1000.00 -1000.00 -1000.00 -10.00 1.00
DontCare -1.00 -1 -10.79 1331.10 894.03 1332.31 895.75 -1.00 -1.00 -1.00 -1000.00 -1000.00 -1000.00 -10.00 1.00
