Car -1.00 -1 1.96 245.28 316.69 616.58 551.54 1.46 1.62 4.04 -3.00 1.79 6.98 1.55 1.00
Car -1.00 -1 2.28 -113.57 343.62 499.48 615.58 1.46 1.58 3.72 -5.44 1.85 6.22 1.56 1.00
Cyclist -1.00 -1 -3.99 1445.49 371.63 1929.07 716.79 1.55 0.57 1.73 4.04 1.69 3.57 -3.14 1.00
Car -1.00 -1 1.68 512.18 218.73 583.08 281.58 1.57 1.60 3.99 -2.73 2.03 20.96 1.55 1.00
Car -1.00 -1 1.66 550.36 206.98 593.30 245.80 1.52 1.54 3.68 -2.53 2.20 31.50 1.58 1.00
Van -1.00 -1 1.63 565.08 192.33 601.33 233.27 2.47 1.98 5.81 -2.79 2.41 46.44 1.57 1.00
Car -1.00 -1 -0.16 728.01 206.41 850.66 253.59 1.62 1.65 4.14 4.19 1.99 25.95 0.00 1.00
Car -1.00 -1 -0.12 709.08 203.23 814.55 239.84 1.55 1.66 4.47 4.35 2.10 32.00 0.02 1.00
Car -1.00 -1 -0.01 674.98 196.39 751.69 228.27 1.69 1.76 4.12 3.59 2.12 39.79 0.08 1.00
Van -1.00 -1 1.60 583.84 187.74 607.36 212.69 2.13 1.91 6.40 -2.28 2.36 65.43 1.57 1.00
Van -1.00 -1 1.77 449.40 229.73 591.88 349.64 1.95 1.75 4.63 -2.89 1.90 14.05 1.57 1.00
Cyclist -1.00 -1 1.08 995.75 211.59 1072.03 298.36 1.68 0.53 1.96 7.95 1.59 14.95 1.57 1.00
