Pedestrian -1.00 -1 2.40 201.97 317.96 439.54 577.69 1.51 1.01 0.97 -2.63 1.56 4.83 1.90 1.00
Pedestrian -1.00 -1 -1.37 979.88 223.40 1049.22 355.30 1.59 0.66 0.65 4.82 1.30 9.12 -0.88 1.00
Pedestrian -1.00 -1 0.67 251.66 255.25 355.98 425.25 1.66 0.65 0.72 -3.58 1.55 7.41 0.22 1.00
Cyclist -1.00 -1 1.67 448.17 230.48 523.49 351.62 1.67 0.93 1.69 -2.24 1.51 10.79 1.47 1.00
Pedestrian -1.00 -1 -1.90 816.71 201.21 880.29 298.33 1.75 0.82 1.14 4.05 1.23 13.53 -1.61 1.00
Pedestrian -1.00 -1 -1.54 589.36 200.85 628.74 274.45 1.77 0.94 0.93 -0.26 1.35 17.75 -1.55 1.00
Pedestrian -1.00 -1 2.63 529.54 198.21 568.17 263.11 1.73 0.67 0.83 -1.94 1.31 19.66 2.53 1.00
Pedestrian -1.00 -1 1.65 561.44 194.77 589.04 253.64 1.82 0.80 0.86 -1.22 1.32 22.65 1.60 1.00
Pedestrian -1.00 -1 1.43 712.61 190.04 743.65 254.16 1.88 0.78 1.03 3.36 1.19 21.58 1.58 1.00
DontCare -1.00 -1 -10.79 1318.72 899.49 1319.93 901.20 -1.00 -1.00 -1.00 -1000.00 -1000.00 -1000.00 -10.00 1.00
